  [[0.2670040,   0.0048743,   0.3294152]
   [0.2726517,   0.0258457,   0.3533673]
   [0.2771063,   0.0509139,   0.3762361]
   [0.2803562,   0.0742015,   0.3979015]
   [0.2823900,   0.0959536,   0.4182508]
   [0.2832046,   0.1168933,   0.4371789]
   [0.2828093,   0.1373502,   0.4545959]
   [0.2812308,   0.1574799,   0.4704339]
   [0.2785162,   0.1773480,   0.4846539]
   [0.2747355,   0.1969692,   0.4972505]
   [0.2699818,   0.2163303,   0.5082545]
   [0.2643686,   0.2354047,   0.5177319]
   [0.2580262,   0.2541617,   0.5257802]
   [0.2510987,   0.2725732,   0.5325222]
   [0.2437329,   0.2906195,   0.5380971]
   [0.2360733,   0.3082910,   0.5426518]
   [0.2282632,   0.3255865,   0.5463354]
   [0.2204250,   0.3425172,   0.5492871]
   [0.2126666,   0.3591022,   0.5516350]
   [0.2050791,   0.3753661,   0.5534932]
   [0.1977219,   0.3913409,   0.5549535]
   [0.1906314,   0.4070615,   0.5560891]
   [0.1838194,   0.4225638,   0.5569522]
   [0.1772724,   0.4378855,   0.5575761]
   [0.1709575,   0.4530630,   0.5579740]
   [0.1648329,   0.4681295,   0.5581427]
   [0.1588454,   0.4831171,   0.5580587]
   [0.1529512,   0.4980530,   0.5576847]
   [0.1471316,   0.5129595,   0.5569733]
   [0.1414022,   0.5278543,   0.5558645]
   [0.1358330,   0.5427501,   0.5542887]
   [0.1305821,   0.5576525,   0.5521757]
   [0.1258984,   0.5725631,   0.5494454]
   [0.1221631,   0.5874763,   0.5460234]
   [0.1198724,   0.6023824,   0.5418306]
   [0.1196266,   0.6172658,   0.5367956]
   [0.1220459,   0.6321070,   0.5308480]
   [0.1276677,   0.6468818,   0.5239242]
   [0.1368349,   0.6615629,   0.5159668]
   [0.1496433,   0.6761197,   0.5069243]
   [0.1659673,   0.6905190,   0.4967519]
   [0.1855384,   0.7047252,   0.4854121]
   [0.2080305,   0.7187010,   0.4728733]
   [0.2331273,   0.7324064,   0.4591059]
   [0.2605315,   0.7458020,   0.4440959]
   [0.2900007,   0.7588465,   0.4278259]
   [0.3213300,   0.7714979,   0.4102927]
   [0.3543553,   0.7837140,   0.3914876]
   [0.3889303,   0.7954531,   0.3714207]
   [0.4249331,   0.8066739,   0.3500988]
   [0.4622468,   0.8173376,   0.3275447]
   [0.5007536,   0.8274091,   0.3037990]
   [0.5403370,   0.8368582,   0.2789167]
   [0.5808612,   0.8456634,   0.2530009]
   [0.6221708,   0.8538156,   0.2262237]
   [0.6640873,   0.8613210,   0.1988794]
   [0.7064038,   0.8682063,   0.1714949]
   [0.7488853,   0.8745222,   0.1450376]
   [0.7912731,   0.8803462,   0.1212910]
   [0.8333021,   0.8857801,   0.1033262]
   [0.8747175,   0.8909453,   0.0953508]
   [0.9152963,   0.8959735,   0.1004700]
   [0.9548396,   0.9010058,   0.1178764]
   [0.9932479,   0.9061566,   0.1439362]]
